#define colors

myC1<- "#3B6572" #main
myC2<- "#365B6D" #secondary_main
myC3<- "#BEDAD3" #light
myC4<- "#A7C8BE" #

myC5<- myC2 #font
myC6<- myC2
colours<-c("#5AAA95",myC1, myC2,myC3,myC4)

# https://coolors.co/365b6d-42747a-4d8d86-5aaa95-81b9aa-a7c8be-cfe0db-f7f7f7
pieC <- c("#365b6d","#42747a","#4d8d86","#5aaa95","#81b9aa","#a7c8be","#cfe0db","#f7f7f7"
)
bgC <- "#f7f7f7"

# use myC2 for headings